"lookup" <-
structure(list(V1 = c(0.01, 0.02, 0.03, 0.04, 0.05, 0.06, 0.07, 
0.08, 0.09, 0.1, 0.11, 0.12, 0.13, 0.14, 0.15, 0.16, 0.17, 0.18, 
0.19, 0.2, 0.21, 0.22, 0.23, 0.24, 0.25, 0.26, 0.27, 0.28, 0.29, 
0.3, 0.31, 0.32, 0.33, 0.34, 0.35, 0.36, 0.37, 0.38, 0.39, 0.4, 
0.41, 0.42, 0.43, 0.44, 0.45, 0.46, 0.47, 0.48, 0.49, 0.5, 0.51, 
0.52, 0.53, 0.54, 0.55, 0.56, 0.57, 0.58, 0.59, 0.6, 0.61, 0.62, 
0.63, 0.64, 0.65, 0.66, 0.67, 0.68, 0.69, 0.7, 0.71, 0.72, 0.73, 
0.74, 0.75, 0.76, 0.77, 0.78, 0.79, 0.8, 0.81, 0.82, 0.83, 0.84, 
0.85, 0.86, 0.87, 0.88, 0.89, 0.9, 0.91, 0.92, 0.93, 0.94, 0.95, 
0.96, 0.97, 0.98, 0.99, 1, 1.01, 1.04, 1.07, 1.1, 1.13, 1.16, 
1.19, 1.22, 1.25, 1.28, 1.31, 1.34, 1.37, 1.4, 1.43, 1.46, 1.49, 
1.52, 1.55, 1.58, 1.61, 1.64, 1.67, 1.7, 1.73, 1.76, 1.79, 1.82, 
1.85, 1.88, 1.91, 1.94, 1.97, 2, 2.03, 2.06, 2.09, 2.12, 2.15, 
2.18, 2.21, 2.24, 2.27, 2.3, 2.33, 2.36, 2.39, 2.42, 2.45, 2.48, 
2.51, 2.54, 2.57, 2.6, 2.63, 2.66, 2.69, 2.72, 2.75, 2.78, 2.81, 
2.84, 2.87, 2.9, 2.93, 2.96, 2.99, 3.02, 3.05, 3.08, 3.11, 3.14, 
3.17, 3.2, 3.23, 3.26, 3.29, 3.32, 3.35, 3.38, 3.41, 3.44, 3.47, 
3.5, 3.53, 3.56, 3.59, 3.62, 3.65, 3.68, 3.71, 3.74, 3.77, 3.8, 
3.83, 3.86, 3.89, 3.92, 3.95, 3.98, 4.01, 4.04, 4.07, 4.1, 4.13, 
4.16, 4.19, 4.22, 4.25, 4.28, 4.31, 4.34, 4.37, 4.4, 4.43, 4.46, 
4.49, 4.52, 4.55, 4.58, 4.61, 4.64, 4.67, 4.7, 4.73, 4.76, 4.79, 
4.82, 4.85, 4.88, 4.91, 4.94, 4.97, 5, 5.01, 5.04, 5.07, 5.1, 
5.13, 5.16, 5.19, 5.22, 5.25, 5.28, 5.31, 5.34, 5.37, 5.4, 5.43, 
5.46, 5.49, 5.52, 5.55, 5.58, 5.61, 5.64, 5.67, 5.7, 5.73, 5.76, 
5.79, 5.82, 5.85, 5.88, 5.91, 5.94, 5.97, 6, 6.03, 6.06, 6.09, 
6.12, 6.15, 6.18, 6.21, 6.24, 6.27, 6.3, 6.33, 6.36, 6.39, 6.42, 
6.45, 6.48, 6.51, 6.54, 6.57, 6.6, 6.63, 6.66, 6.69, 6.72, 6.75, 
6.78, 6.81, 6.84, 6.87, 6.9, 6.93, 6.96, 6.99, 7.02, 7.05, 7.08, 
7.11, 7.14, 7.17, 7.2, 7.23, 7.26, 7.29, 7.32, 7.35, 7.38, 7.41, 
7.44, 7.47, 7.5, 7.53, 7.56, 7.59, 7.62, 7.65, 7.68, 7.71, 7.74, 
7.77, 7.8, 7.83, 7.86, 7.89, 7.92, 7.95, 7.98, 8.01, 8.04, 8.07, 
8.1, 8.13, 8.16, 8.19, 8.22, 8.25, 8.28, 8.31, 8.34, 8.37, 8.4, 
8.43, 8.46, 8.49, 8.52, 8.55, 8.58, 8.61, 8.64, 8.67, 8.7, 8.73, 
8.76, 8.79, 8.82, 8.85, 8.88, 8.91, 8.94, 8.97, 9, 9.03, 9.06, 
9.09, 9.12, 9.15, 9.18, 9.21, 9.24, 9.27, 9.3, 9.33, 9.36, 9.39, 
9.42, 9.45, 9.48, 9.51, 9.54, 9.57, 9.6, 9.63, 9.66, 9.69, 9.72, 
9.75, 9.78, 9.81, 9.84, 9.87, 9.9, 9.93, 9.96, 9.99, 10.01, 10.51, 
11.01, 11.51, 12.01, 12.51, 13.01, 13.51, 14.01, 14.51, 15.01, 
15.51, 16.01, 16.51, 17.01, 17.51, 18.01, 18.51, 19.01, 19.51, 
20.01, 20.51, 21.01, 21.51, 22.01, 22.51, 23.01, 23.51, 24.01, 
24.51, 25.01, 25.51, 26.01, 26.51, 27.01, 27.51, 28.01, 28.51, 
29.01, 29.51, 30.01, 30.51, 31.01, 31.51, 32.01, 32.51, 33.01, 
33.51, 34.01, 34.51, 35.01, 35.51, 36.01, 36.51, 37.01, 37.51, 
38.01, 38.51, 39.01, 39.51, 40.01, 40.51, 41.01, 41.51, 42.01, 
42.51, 43.01, 43.51, 44.01, 44.51, 45.01, 45.51, 46.01, 46.51, 
47.01, 47.51, 48.01, 48.51, 49.01, 49.51, 50.01, 51.01, 52.01, 
53.01, 54.01, 55.01, 56.01, 57.01, 58.01, 59.01, 60.01, 61.01, 
62.01, 63.01, 64.01, 65.01, 66.01, 67.01, 68.01, 69.01, 70.01, 
71.01, 72.01, 73.01, 74.01, 75.01, 76.01, 77.01, 78.01, 79.01, 
80.01, 81.01, 82.01, 83.01, 84.01, 85.01, 86.01, 87.01, 88.01, 
89.01, 90.01, 91.01, 92.01, 93.01, 94.01, 95.01, 96.01, 97.01, 
98.01, 99.01, 100.01, 102.01, 104.01, 106.01, 108.01, 110.01, 
112.01, 114.01, 116.01, 118.01, 120.01, 122.01, 124.01, 126.01, 
128.01, 130.01, 132.01, 134.01, 136.01, 138.01, 140.01, 142.01, 
144.01, 146.01, 148.01, 150.01, 152.01, 154.01, 156.01, 158.01, 
160.01, 162.01, 164.01, 166.01, 168.01, 170.01, 172.01, 174.01, 
176.01, 178.01, 180.01, 182.01, 184.01, 186.01, 188.01, 190.01, 
192.01, 194.01, 196.01, 198.01), V2 = c(1.569803, 1.570652, 1.570051, 
1.569597, 1.569425, 1.569802, 1.569914, 1.568622, 1.567778, 1.566713, 
1.565955, 1.565071, 1.56484, 1.563809, 1.562745, 1.56204, 1.561255, 
1.560386, 1.559427, 1.558369, 1.556669, 1.555386, 1.553452, 1.552009, 
1.550246, 1.548287, 1.546804, 1.545252, 1.543205, 1.541111, 1.539235, 
1.537204, 1.53536, 1.53322, 1.53141, 1.529962, 1.528145, 1.525618, 
1.523494, 1.521173, 1.518995, 1.516699, 1.514275, 1.511703, 1.509025, 
1.506494, 1.503674, 1.501193, 1.49825, 1.49535, 1.493716, 1.49065, 
1.488041, 1.485465, 1.482658, 1.479419, 1.476443, 1.473569, 1.470114, 
1.46683, 1.463316, 1.460203, 1.456864, 1.453452, 1.449703, 1.445796, 
1.442421, 1.439109, 1.435551, 1.432314, 1.42865, 1.425348, 1.421903, 
1.418451, 1.414985, 1.411429, 1.407808, 1.40394, 1.399953, 1.396103, 
1.392808, 1.388817, 1.38459, 1.381234, 1.377285, 1.373048, 1.369041, 
1.365322, 1.361575, 1.357509, 1.353681, 1.349885, 1.34562, 1.341671, 
1.33775, 1.334046, 1.329794, 1.325585, 1.321856, 1.317755, 1.318476, 
1.305302, 1.29391, 1.282214, 1.269501, 1.257483, 1.245256, 1.233824, 
1.222026, 1.209548, 1.19767, 1.18622, 1.174282, 1.163088, 1.149633, 
1.137808, 1.124757, 1.113402, 1.101777, 1.090506, 1.07904, 1.06885, 
1.059416, 1.049164, 1.038643, 1.028421, 1.018235, 1.00803, 0.9986256, 
0.9887867, 0.978292, 0.9689694, 0.9593057, 0.9503768, 0.9418992, 
0.9332431, 0.9251276, 0.9173649, 0.9085008, 0.900341, 0.8924452, 
0.8848978, 0.8771166, 0.869723, 0.8620912, 0.854733, 0.8475766, 
0.8397136, 0.833166, 0.8267402, 0.8209044, 0.8143067, 0.8079563, 
0.8012191, 0.7956315, 0.7894683, 0.7836335, 0.7780827, 0.7725854, 
0.7673037, 0.7620998, 0.7567697, 0.7514174, 0.7470076, 0.7420188, 
0.7372167, 0.7332057, 0.7290027, 0.7247575, 0.7202907, 0.7154662, 
0.711356, 0.7070199, 0.7026461, 0.6982981, 0.6943376, 0.6904257, 
0.6865112, 0.6824898, 0.6784078, 0.6745954, 0.6708334, 0.6672762, 
0.6633361, 0.6599994, 0.6565275, 0.6530679, 0.6495428, 0.6462369, 
0.6430632, 0.6397687, 0.6364503, 0.6333938, 0.6302722, 0.6271669, 
0.6241819, 0.620764, 0.6175722, 0.6146186, 0.6114652, 0.6083887, 
0.6057894, 0.6030991, 0.6003789, 0.5975193, 0.5951737, 0.5926646, 
0.5897303, 0.5870391, 0.5846585, 0.5824722, 0.5799935, 0.5778396, 
0.575539, 0.5733007, 0.5710794, 0.569042, 0.5666328, 0.5642851, 
0.5622115, 0.5600927, 0.5581368, 0.5561137, 0.5539369, 0.5517468, 
0.549769, 0.5476835, 0.5456196, 0.5435764, 0.5416286, 0.5397181, 
0.5378782, 0.5360025, 0.5341469, 0.5335666, 0.5316694, 0.5297264, 
0.5278915, 0.5259752, 0.5240727, 0.5222267, 0.5204097, 0.5186571, 
0.5170285, 0.515285, 0.5136674, 0.5120055, 0.5103073, 0.508746, 
0.5071902, 0.5056526, 0.5041897, 0.5026213, 0.5011143, 0.4996435, 
0.4980614, 0.4965711, 0.4950404, 0.4935858, 0.4921458, 0.4906033, 
0.4891466, 0.4877861, 0.486465, 0.485179, 0.4837572, 0.4824346, 
0.4810147, 0.4796865, 0.4783023, 0.4770836, 0.4758974, 0.4747816, 
0.473583, 0.472243, 0.4710942, 0.469802, 0.4685546, 0.4673356, 
0.4661428, 0.4649872, 0.4637525, 0.4626463, 0.4614656, 0.4603374, 
0.4591172, 0.4580151, 0.4567777, 0.4556468, 0.4544736, 0.4533955, 
0.4521848, 0.4509959, 0.4499839, 0.4489751, 0.4478943, 0.446877, 
0.445855, 0.4449157, 0.4438286, 0.4428781, 0.4418903, 0.4408339, 
0.4398676, 0.4389472, 0.4379413, 0.4369299, 0.4359313, 0.4348012, 
0.4337733, 0.4327217, 0.431756, 0.4308476, 0.4299417, 0.4289461, 
0.4280729, 0.4271028, 0.4260909, 0.4251336, 0.4242113, 0.4233561, 
0.4224221, 0.4214714, 0.4205954, 0.4196696, 0.4188322, 0.418024, 
0.417208, 0.4162686, 0.4154666, 0.4146628, 0.4137706, 0.4129639, 
0.4121533, 0.4113453, 0.4105499, 0.4097607, 0.4090256, 0.4082259, 
0.4074177, 0.4066196, 0.4057889, 0.4049947, 0.4042032, 0.4034092, 
0.4026, 0.4018514, 0.4010507, 0.4002874, 0.3995189, 0.3987926, 
0.3980579, 0.3973015, 0.3965503, 0.3958435, 0.3951077, 0.3943493, 
0.3936775, 0.3929091, 0.3922234, 0.3915554, 0.3908806, 0.3902119, 
0.3895178, 0.3888671, 0.3881524, 0.3874556, 0.3867815, 0.3860895, 
0.3854482, 0.3847361, 0.3840777, 0.3834196, 0.3827798, 0.3821025, 
0.381471, 0.3807902, 0.3800719, 0.3794293, 0.3788192, 0.3781635, 
0.3775796, 0.3769567, 0.3763557, 0.3757012, 0.3751123, 0.3745266, 
0.3739764, 0.3733748, 0.3728053, 0.3720917, 0.3714775, 0.3708601, 
