`pop` <-
structure(list(yyyy = c(2003, 2003, 2003, 2003, 2003, 2003, 
2003, 2003, 2003, 2003, 2003, 2003, 2003, 2003, 2003, 
2003, 2003, 2003, 2003, 2003, 2003, 2003, 2003, 2003, 
2003, 2003, 2003, 2003, 2003, 2003, 2003, 2003, 2003, 
2003, 2003, 2003, 2003, 2003, 2003, 2003, 2003, 2003, 
2003, 2003, 2003, 2003, 2003, 2003, 2003, 2003, 2003, 
2003, 2003, 2003, 2003, 2003, 2003, 2003, 2003, 2003, 
2003, 2003, 2003, 2003, 2003, 2003, 2003, 2003, 2003, 
2003, 2003, 2003, 2003, 2003, 2003, 2003, 2003, 2003, 
2003, 2003, 2003, 2003, 2003, 2003, 2003, 2003, 2003, 
2003, 2003, 2003, 2003, 2003, 2003, 2003, 2003, 2003, 
2003, 2003, 2003, 2003, 2003, 2003, 2003, 2003, 2003, 
2003, 2003, 2003, 2003, 2003, 2003, 2003, 2003, 2003, 
2003, 2003, 2003, 2003, 2003, 2003, 2003, 2003, 2003, 
2003, 2003, 2003, 2003, 2003, 2003, 2003, 2003, 2003, 
2003, 2003, 2003, 2003, 2003, 2003, 2003, 2003, 2003, 
2003, 2003, 2003, 2003, 2003, 2003, 2003, 2003, 2003, 
2003, 2003, 2003, 2003, 2003, 2003, 2003, 2003, 2003, 
2003, 2003, 2003, 2003, 2003, 2003, 2003, 2003, 2003, 
2003, 2003, 2003, 2003, 2003, 2003, 2003, 2003, 2003, 
2003, 2003, 2003, 2003, 2003, 2003, 2003, 2003, 2003, 
2003, 2003, 2003, 2003, 2003, 2003, 2003, 2003, 2003, 
2003, 2003, 2003, 2003, 2003, 2003, 2003, 2003, 2003, 
2003, 2003, 2003, 2003, 2003, 2003, 2003, 2003, 2003, 
2003, 2003, 2003, 2003, 2003, 2003, 2003, 2003, 2003, 
2003, 2003, 2003, 2003, 2003, 2003, 2003, 2003, 2003, 
2003, 2003, 2003, 2003, 2003, 2003, 2003, 2003, 2003, 
2003, 2003, 2003, 2003, 2003, 2003, 2003, 2003, 2003, 
2003, 2003, 2003, 2003, 2003, 2003, 2003, 2003, 2003, 
2003, 2003, 2003, 2003, 2003, 2003, 2003, 2003, 2003, 
2003, 2003, 2003, 2003, 2003, 2003, 2003, 2003, 2003, 
2003, 2003, 2003, 2003, 2003, 2003, 2003, 2003, 2003, 
2003, 2003, 2003, 2003, 2003, 2003, 2003, 2003, 2003, 
2003, 2003, 2003, 2003, 2003, 2003, 2003, 2003, 2003, 
2003, 2003, 2003, 2003, 2003, 2003, 2003, 2003, 2003, 
2003, 2003, 2003, 2003, 2003, 2003, 2003, 2003, 2003, 
2003, 2003, 2003, 2003, 2003, 2003, 2003, 2003, 2003, 
2003, 2003, 2003, 2003, 2003, 2003, 2003, 2003, 2003, 
2003, 2003, 2003, 2003, 2003, 2003, 2003, 2003, 2003, 
2003, 2003, 2003, 2003, 2003, 2003, 2003, 2003, 2003, 
2003, 2003, 2003, 2003, 2003, 2003, 2003, 2003), mm = c(1, 
1, 1, 1, 1, 1, 1, 1, 1, 1, 1, 1, 1, 1, 1, 1, 1, 
1, 1, 1, 1, 1, 1, 1, 1, 1, 1, 1, 1, 1, 1, 2, 2, 
2, 2, 2, 2, 2, 2, 2, 2, 2, 2, 2, 2, 2, 2, 2, 2, 
2, 2, 2, 2, 2, 2, 2, 2, 2, 2, 3, 3, 3, 3, 3, 3, 
3, 3, 3, 3, 3, 3, 3, 3, 3, 3, 3, 3, 3, 3, 3, 3, 
3, 3, 3, 3, 3, 3, 3, 3, 3, 4, 4, 4, 4, 4, 4, 4, 
4, 4, 4, 4, 4, 4, 4, 4, 4, 4, 4, 4, 4, 4, 4, 4, 
4, 4, 4, 4, 4, 4, 4, 5, 5, 5, 5, 5, 5, 5, 5, 5, 
5, 5, 5, 5, 5, 5, 5, 5, 5, 5, 5, 5, 5, 5, 5, 5, 
5, 5, 5, 5, 5, 5, 6, 6, 6, 6, 6, 6, 6, 6, 6, 6, 
6, 6, 6, 6, 6, 6, 6, 6, 6, 6, 6, 6, 6, 6, 6, 6, 
6, 6, 6, 6, 7, 7, 7, 7, 7, 7, 7, 7, 7, 7, 7, 7, 
7, 7, 7, 7, 7, 7, 7, 7, 7, 7, 7, 7, 7, 7, 7, 7, 
7, 7, 7, 8, 8, 8, 8, 8, 8, 8, 8, 8, 8, 8, 8, 8, 
8, 8, 8, 8, 8, 8, 8, 8, 8, 8, 8, 8, 8, 8, 8, 8, 
8, 8, 9, 9, 9, 9, 9, 9, 9, 9, 9, 9, 9, 9, 9, 9, 
9, 9, 9, 9, 9, 9, 9, 9, 9, 9, 9, 9, 9, 9, 9, 9, 
10, 10, 10, 10, 10, 10, 10, 10, 10, 10, 10, 10, 10, 
10, 10, 10, 10, 10, 10, 10, 10, 10, 10, 10, 10, 10, 
10, 10, 10, 10, 10, 11, 11, 11, 11, 11, 11, 11, 11, 
11, 11, 11, 11, 11, 11, 11, 11, 11, 11, 11, 11, 11, 
11, 11, 11, 11, 11, 11, 11, 11, 11, 12, 12, 12, 12, 
12, 12, 12, 12, 12, 12, 12, 12, 12, 12, 12, 12, 12, 
12, 12, 12, 12, 12, 12, 12, 12, 12, 12, 12, 12, 12, 
12), dd = c(1, 2, 3, 4, 5, 6, 7, 8, 9, 10, 11, 12, 
13, 14, 15, 16, 17, 18, 19, 20, 21, 22, 23, 24, 25, 
26, 27, 28, 29, 30, 31, 1, 2, 3, 4, 5, 6, 7, 8, 
9, 10, 11, 12, 13, 14, 15, 16, 17, 18, 19, 20, 21, 
22, 23, 24, 25, 26, 27, 28, 1, 2, 3, 4, 5, 6, 7, 
8, 9, 10, 11, 12, 13, 14, 15, 16, 17, 18, 19, 20, 
21, 22, 23, 24, 25, 26, 27, 28, 29, 30, 31, 1, 2, 
3, 4, 5, 6, 7, 8, 9, 10, 11, 12, 13, 14, 15, 16, 
17, 18, 19, 20, 21, 22, 23, 24, 25, 26, 27, 28, 29, 
30, 1, 2, 3, 4, 5, 6, 7, 8, 9, 10, 11, 12, 13, 
14, 15, 16, 17, 18, 19, 20, 21, 22, 23, 24, 25, 26, 
27, 28, 29, 30, 31, 1, 2, 3, 4, 5, 6, 7, 8, 9, 
10, 11, 12, 13, 14, 15, 16, 17, 18, 19, 20, 21, 22, 
23, 24, 25, 26, 27, 28, 29, 30, 1, 2, 3, 4, 5, 6, 
7, 8, 9, 10, 11, 12, 13, 14, 15, 16, 17, 18, 19, 
20, 21, 22, 23, 24, 25, 26, 27, 28, 29, 30, 31, 1, 
2, 3, 4, 5, 6, 7, 8, 9, 10, 11, 12, 13, 14, 15, 
16, 17, 18, 19, 20, 21, 22, 23, 24, 25, 26, 27, 28, 
29, 30, 31, 1, 2, 3, 4, 5, 6, 7, 8, 9, 10, 11, 
12, 13, 14, 15, 16, 17, 18, 19, 20, 21, 22, 23, 24, 
25, 26, 27, 28, 29, 30, 1, 2, 3, 4, 5, 6, 7, 8, 
9, 10, 11, 12, 13, 14, 15, 16, 17, 18, 19, 20, 21, 
22, 23, 24, 25, 26, 27, 28, 29, 30, 31, 1, 2, 3, 
4, 5, 6, 7, 8, 9, 10, 11, 12, 13, 14, 15, 16, 17, 
18, 19, 20, 21, 22, 23, 24, 25, 26, 27, 28, 29, 30, 
1, 2, 3, 4, 5, 6, 7, 8, 9, 10, 11, 12, 13, 14, 
15, 16, 17, 18, 19, 20, 21, 22, 23, 24, 25, 26, 27, 
28, 29, 30, 31), obs = c(0, 0, 0, 0, 0, 0, 1.1, 0.9, 0, 0, 
2.2, 0, 1.2, 6, 2.3, 2.2, 0, 0.4, 0, 7.4, 0, 2.5, 1.8, 0, 0, 
1.4, 0.4, 0, 0, 0, 0, 0, 0, 0, 2, 1.8, 0, 0, 0, 0, 0, 0.1, 0, 
0, 0, 0, 0, 0, 0, 0, 0, 0, 0, 0, 0, 0, 0, 0, 0, 0, 0.1, 0, 0.1, 
0, 0, 0, 0, 0.2, 3.5, 0, 0, 0, 0, 0, 0, 0, 0, 0, 0, 0, 0, 0, 
0, 0, 0, 0, 0, 0, 0.6, 0, 0, 0, 0, 1.2, 1.9, 0, 0, 0, 0, 0.5, 
0, 0, 0, 0, 0, 0, 0, 0, 0, 0, 0, 0, 0, 0, 0, 0, 0, 1.7, 0, 0.2, 
15.6, 0, 0, 0, 0, 6.9, 0, 0, 0, 1, 0, 0, 0, 9.4, 0, 7.2, 5.8, 
0.2, 9.4, 0.4, 0, 0, 0.2, 0, 0, 6.6, 0, 0, 0, 2.1, 0, 0, 0, 0, 
2.1, 2.3, 0.2, 0, 0, 9, 0, 0, 0, 0, 0.4, 0, 3.7, 3.1, 0, 0, 9.3, 
0, 0, 0, 0.9, 0, 0, 0, 0.6, 0.2, 0, 0, 0, 1.5, 0, 0, 0, 0, 0, 
0.1, 0.1, 0.4, 2.9, 0, 0, 0, 0, 0, 0, 0, 0, 0, 0, 0, 0, 0, 0, 
6, 3.4, 6.2, 0, 5.8, 0, 0, 0.5, 0, 12.1, 0.2, 0, 4.2, 1, 0, 0, 
0, 0, 7.1, 0, 0, 0, 0, 0, 0.4, 0, 0.2, 2.3, 0.6, 0, 0, 0, 0, 
2.5, 0, 0, 0, 0, 0, 0, 0, 0, 0, 0, 0, 0, 0, 0, 0, 0, 0, 0, 0, 
0, 0, 0, 0, 0, 1.9, 0, 0, 0, 0, 0, 0, 0, 0.6, 4.1, 0, 0, 0.1, 
0, 2.5, 25.2, 0, 0.2, 4, 1.4, 0, 0, 0, 0, 0, 0, 0, 0, 0, 0, 0, 
3, 0, 0, 0, 0, 0.6, 0, 0.9, 0, 1.4, 0, 1.7, 0, 0.2, 0, 0, 0, 
NA, NA, 0, 0, 0.8, 0, 1, 1, 0.3, 0.1, 1.1, 0, 0, 0.2, 0.7, 0, 
4, 9.6, 1.7, 0.1, 0.1, 0.4, 0, 0, 0.3, 0, 0, 0, 0, 0, 0, 0, 0, 
0, 1.8, 3.1, 0, 2.6, 0.2, 0, 0, 3.1, 1.8, 0.5, 0.4, 0.3, 0, 4.9, 
1.2, 8.3, 0, 0),