# *=*=*=*=*=*=*=*=*=*=*=*=*=*=*=*=*=*=*=*=*=*=*=*=*=*=*=*=* 
# ** Copyright UCAR (c) 1992 - 2004 
# ** University Corporation for Atmospheric Research(UCAR) 
# ** National Center for Atmospheric Research(NCAR) 
# ** Research Applications Program(RAP) 
# ** P.O.Box 3000, Boulder, Colorado, 80307-3000, USA 
# ** 2004/9/1 14:15:8 
# *=*=*=*=*=*=*=*=*=*=*=*=*=*=*=*=*=*=*=*=*=*=*=*=*=*=*=*=* 
"prob.frcs.dat" <-
structure(list(frcst = c(40, 70, 70, 60, 70, 60, 70, 80, 50, 
70, 40, 60, 80, 60, 60, 40, 40, 60, 50, 50, 50, 5, 60, 60, 60, 
70, 60, 70, 50, 80, 40, 70, 40, 40, 80, 80, 60, 40, 30, 50, 30, 
70, 50, 10, 70, 50, 70, 70, 60, 70, 40, 60, 50, 70, 50, 60, 80, 
80, 50, 50, 30, 60, 30, 70, 60, 10, 80, 40, 50, 50, 20, 60, 30, 
40, 50, 40, 50, 20, 70, 60, 40, 60, 20, 50, 30, 50, 60, 20, 80, 
60, 60, 70, 30, 70, 40, 40, 40, 60, 50, 30, 60, 60, 30, 70, 20, 
70, 40, 50, 70, 20, 50, 70, 40, 60, 60, 60, 60, 80, 40, 60, 50, 
30, 80, 70, 50, 30, 40, 40, 30, 80, 30, 5, 30, 60, 60, 50, 50, 
50, 50, 60, 30, 60, 20, 50, 60, 40, 40, 30, 30, 50, 30, 30, 30, 
5, 50, 40, 50, 60, 50, 60, 40, 60, 20, 50, 20, 30, 60, 60, 40, 
30, 20, 30, 10, 60, 30, 2, 60, 30, 60, 60, 50, 60, 20, 40, 30, 
50, 30, 40, 60, 70, 40, 40, 10, 50, 10, 60, 50, 5, 70, 20, 40, 
40, 10, 50, 20, 30, 30, 20, 20, 5, 50, 50, 30, 50, 5, 30, 10, 
20, 40, 5, 60, 50, 50, 60, 20, 60, 20, 20, 20, 50, 20, 20, 40, 
40, 20, 60, 5, 60, 20, 30, 50, 10, 30, 50, 30, 50, 40, 50, 50, 
70, 20, 50, 20, 10, 60, 60, 40, 20, 30, 20, 10, 70, 20, 2, 20, 
40, 50, 40, 40, 20, 40, 50, 20, 40, 10, 30, 50, 20, 30, 10, 20, 
20, 10, 20, 20, 2, 30, 30, 40, 40, 40, 30, 20, 40, 10, 40, 10, 
10, 50, 40, 30, 20, 5, 20, 5, 50, 10, 2, 40, 20, 50, 50, 30, 
30, 10, 20, 20, 30, 10, 20, 50, 50, 20, 30, 5, 30, 5, 50, 30, 
2, 50, 10, 10, 30, 5, 20, 10, 10, 20, 10, 10, 2, 40, 30, 10, 
30, 2, 20, 5, 10, 20, 2, 40, 30, 50, 40, 10, 30, 10, 10, 10, 
30, 10, 5, 20, 20, 5, 40, 2, 30, 10, 20, 30, 2, 20, 40, 20, 30, 
30, 20, 40, 50, 10, 30, 10, 5, 50, 40, 30, 10, 10, 10, 5, 60, 
10, 2, 70, 50, 70, 60, 40, 80, 70, 70, 70, 60, 50, 80, 80, 30, 
30, 50, 30, 50, 50, 2, 70, 30, 70, 40, 50, 80, 40, 40, 70, 40, 
20, 40, 50, 30, 40, 40, 50, 20, 30, 70, 10, 50, 2, 60, 80, 70, 
60, 60, 40, 80, 80, 80, 50, 40, 70, 60, 40, 20, 30, 40, 20, 50, 
60, 2, 70, 50, 90, 30, 30, 80, 40, 40, 60, 60, 20, 30, 90, 5, 
70, 60, 40, 20, 30, 60, 5, 20, 2, 50, 2, 80, 98, 80, 60, 30, 
70, 90, 80, 50, 40, 20, 40, 10, 60, 30, 40, 5, 70, 80, 80, 50, 
40, 80, 90, 70, 40, 40, 70, 80, 70, 30, 40, 40, 60, 60, 70, 2, 
60, 60, 95, 50, 50, 80, 60, 80, 50, 70, 20, 50, 60, 20, 80, 90, 
50, 40, 30, 40, 5, 2, 2, 70, 20, 80, 40, 20, 20, 50, 70, 70, 
30, 30, 80, 40, 40, 10, 40, 30, 60, 50, 90, 2, 60, 70, 80, 30, 
20, 70, 50, 20, 20, 70, 30, 20, 10, 10, 90, 80, 20, 10, 5, 2, 
5, 2, 2, 30, 30, 90, 70, 30, 30, 70, 50, 60, 30, 50, 80, 70, 
60, 10, 40, 30, 90, 50, 80, 2, 30, 80, 95, 30, 20, 80, 70, 50, 
50, 60, 30, 50, 40, 40, 80, 70, 50, 40, 30, 2, 5, 2, 2, 60, 80, 
50, 70, 70, 40, 70, 60, 70, 60, 50, 40, 30, 40, 20, 20, 70, 20, 
30, 50, 2, 60, 30, 60, 10, 20, 80, 40, 20, 40, 40, 10, 20, 80, 
5, 50, 30, 50, 20, 50, 50, 5, 40, 2, 30, 50, 40, 60, 50, 20, 
70, 50, 60, 60, 40, 40, 60, 60, 20, 10, 40, 20, 40, 30, 2, 60, 
20, 60, 30, 30, 70, 20, 20, 50, 10, 10, 20, 40, 10, 20, 20, 40, 
5, 20, 50, 5, 30, 2, 40, 60, 50, 30, 40, 20, 70, 70, 70, 30, 
20, 50, 40, 20, 10, 10, 10, 10, 30, 40, 2, 60, 40, 80, 10, 20, 
80, 20, 20, 20, 40, 5, 10, 50, 2, 50, 40, 20, 5, 20, 30, 2, 10, 
2, 30, 2, 60, 80, 40, 30, 5, 50, 70, 50, 30, 2, 2, 10, 2, 30, 
10, 10, 2, 30, 70, 60, 40, 30, 70, 70, 60, 30, 20, 50, 70, 50, 
10, 20, 20, 40, 40, 50, 2, 50, 50, 90, 30, 30, 70, 40, 60, 30, 
50, 5, 30, 30, 10, 70, 80, 20, 10, 10, 10, 2, 2, 2, 40, 10, 70, 
30, 10, 10, 50, 60, 60, 20, 20, 60, 30, 20, 5, 30, 10, 40, 30, 
80, 2, 50, 40, 70, 20, 5, 40, 30, 5, 5, 50, 10, 5, 5, 5, 60, 
80, 10, 5, 2, 2, 2, 2, 2, 10, 10, 70, 50, 20, 20, 60, 40, 50, 
20, 20, 60, 50, 30, 5, 20, 10, 70, 30, 60, 2, 10, 60, 90, 10, 
5, 70, 50, 30, 30, 40, 10, 30, 20, 20, 40, 40, 20, 10, 5, 2, 
2, 2, 2, 40, 60, 30, 40, 50, 20, 50, 40, 50, 50, 30, 30, 20, 
20, 10, 5, 50, 5, 20, 30, 2, 40, 20, 40, 5, 10, 80, 20, 10, 20, 
20, 5, 5, 60, 2, 30, 20, 30, 20, 30, 20, 2, 30, 2, 10, 20, 20, 
50, 40, 10, 50, 40, 50, 40, 20, 20, 40, 50, 5, 10, 30, 5, 10, 
20, 2, 30, 10, 40, 10, 20, 30, 10, 10, 30, 5, 5, 5, 30, 5, 5, 
20, 30, 2, 10, 40, 2, 20, 2, 20, 50, 20, 20, 30, 10, 40, 50, 
50, 5, 5, 40, 30, 10, 2, 2, 5, 2, 10, 20, 2, 30, 30, 50, 5, 5, 
50, 5, 10, 5, 10, 2, 2, 50, 2, 10, 30, 5, 2, 5, 20, 2, 5, 2, 
10, 2, 50, 20, 10, 5, 2, 40, 40, 30, 20, 2, 2, 5, 2, 10, 2, 2, 
2, 10, 40, 50, 20, 20, 40, 60, 50, 10, 5, 40, 40, 30, 5, 10, 
10, 20, 10, 30, 2, 30, 40, 70, 20, 20, 40, 20, 40, 10, 10, 2, 
10, 20, 5, 60, 70, 5, 5, 5, 5, 2, 2, 2, 20, 2, 40, 10, 5, 5, 
40, 50, 40, 10, 5, 50, 10, 10, 2, 10, 5, 30, 10, 50, 2, 30, 30, 
50, 5, 2, 20, 10, 2, 2, 10, 5, 2, 2, 2, 10, 70, 5, 2, 2, 2, 2, 
2, 2, 5, 2, 50, 40, 10, 10, 40, 30, 30, 10, 5, 50, 30, 20, 2, 
10, 5, 50, 10, 40, 2, 5, 50, 70, 5, 2, 40, 20, 10, 5, 10, 5, 
10, 5, 5, 5, 30, 5, 5, 5, 2, 2, 2, 2, 10, 40, 10, 20, 40, 10, 
40, 30, 40, 30, 10, 20, 10, 10, 2, 2, 40, 2, 10, 20, 2, 20, 10, 
20, 2, 5, 40, 5, 2, 5, 5, 2, 2, 50, 2, 5, 10, 10, 10, 20, 10, 
2, 10, 2, 5),